13568at72274	0	35.9	359.0
54971at72274	0	13.4	134.0
13880at72274	0	35.6	356.0
25908at72274	0	28.3	283.0
23194at72274	0	30.0	300.0
208at72274	0	121.5	1215.0
24118at72274	0	30.6	306.0
10968at72274	0	48.1	481.0
22679at72274	0	35.0	350.0
48647at72274	0	24.7	247.0
70696at72274	0	4.7	47.0
60495at72274	0	10.6	106.0
38984at72274	0	23.5	235.0
10772at72274	0	35.6	356.0
23306at72274	0	31.1	311.0
65058at72274	0	8.3	83.0
1843at72274	0	63.5	635.0
11020at72274	0	35.7	357.0
34940at72274	0	22.5	225.0
73639at72274	0	7.5	75.0
38061at72274	0	20.6	206.0
27481at72274	0	27.4	274.0
6205at72274	0	50.9	509.0
8435at72274	0	46.2	462.0
436at72274	0	90.3	903.0
25716at72274	0	26.0	260.0
22001at72274	0	27.3	273.0
30483at72274	0	35.9	359.0
9588at72274	0	42.7	427.0
41090at72274	0	18.6	186.0
32725at72274	0	22.3	223.0
10446at72274	0	37.2	372.0
24069at72274	0	33.8	338.0
46726at72274	0	18.2	182.0
7583at72274	0	49.3	493.0
7643at72274	0	42.2	422.0
54417at72274	0	12.6	126.0
63845at72274	0	9.5	95.0
68814at72274	0	7.7	77.0
62599at72274	0	10.1	101.0
52383at72274	0	14.6	146.0
24909at72274	0	24.5	245.0
18777at72274	0	38.3	383.0
72717at72274	0	9.6	96.0
61476at72274	0	9.9	99.0
22432at72274	0	37.1	371.0
55055at72274	0	17.7	177.0
12305at72274	0	43.2	432.0
45381at72274	0	19.5	195.0
47190at72274	0	24.6	246.0
48994at72274	0	17.0	170.0
18102at72274	0	37.2	372.0
60509at72274	0	15.9	159.0
25202at72274	0	25.8	258.0
24801at72274	0	26.4	264.0
58334at72274	0	11.2	112.0
30337at72274	0	24.9	249.0
33946at72274	0	29.7	297.0
45232at72274	0	16.1	161.0
37956at72274	0	33.3	333.0
48596at72274	0	15.8	158.0
61304at72274	0	11.2	112.0
11088at72274	0	40.7	407.0
33789at72274	0	23.3	233.0
12585at72274	0	38.0	380.0
51468at72274	0	13.6	136.0
20515at72274	0	32.5	325.0
35233at72274	0	24.3	243.0
21482at72274	0	34.4	344.0
9341at72274	0	50.7	507.0
29175at72274	0	28.7	287.0
58513at72274	0	11.9	119.0
33852at72274	0	38.2	382.0
36169at72274	0	26.2	262.0
11213at72274	0	40.9	409.0
47146at72274	0	13.2	132.0
66503at72274	0	9.4	94.0
44547at72274	0	21.1	211.0
1634at72274	0	82.3	823.0
4962at72274	0	58.2	582.0
41680at72274	0	21.6	216.0
41485at72274	0	20.0	200.0
68051at72274	0	6.5	65.0
10050at72274	0	41.3	413.0
50394at72274	0	14.2	142.0
68645at72274	0	6.8	68.0
56659at72274	0	12.6	126.0
44867at72274	0	16.2	162.0
43937at72274	0	18.2	182.0
31290at72274	0	24.4	244.0
3513at72274	0	57.0	570.0
5009at72274	0	63.2	632.0
18149at72274	0	35.6	356.0
10071at72274	0	39.3	393.0
23835at72274	0	32.6	326.0
35771at72274	0	20.3	203.0
51269at72274	0	17.4	174.0
9781at72274	0	44.4	444.0
20214at72274	0	31.5	315.0
46446at72274	0	19.5	195.0
47244at72274	0	13.8	138.0
11597at72274	0	41.8	418.0
23144at72274	0	31.8	318.0
28566at72274	0	34.7	347.0
35969at72274	0	25.1	251.0
865at72274	0	75.7	757.0
32411at72274	0	21.8	218.0
24117at72274	0	26.4	264.0
55907at72274	0	12.2	122.0
36334at72274	0	20.4	204.0
33380at72274	0	20.6	206.0
20851at72274	0	35.0	350.0
59258at72274	0	11.8	118.0
25696at72274	0	30.1	301.0
35068at72274	0	26.2	262.0
50679at72274	0	19.5	195.0
23028at72274	0	31.8	318.0
58013at72274	0	18.4	184.0
22700at72274	0	27.0	270.0
44228at72274	0	18.5	185.0
24999at72274	0	24.0	240.0
12335at72274	0	37.8	378.0
56209at72274	0	13.6	136.0
16462at72274	0	33.2	332.0
33816at72274	0	26.8	268.0
16907at72274	0	31.9	319.0
56402at72274	0	14.6	146.0
71610at72274	0	6.7	67.0
6086at72274	0	52.0	520.0
46337at72274	0	16.7	167.0
6352at72274	0	53.5	535.0
66157at72274	0	13.6	136.0
45787at72274	0	22.0	220.0
65659at72274	0	10.4	104.0
4074at72274	0	55.0	550.0
64826at72274	0	8.7	87.0
2971at72274	0	58.5	585.0
63146at72274	0	9.3	93.0
56040at72274	0	13.1	131.0
33308at72274	0	24.2	242.0
19753at72274	0	31.1	311.0
21886at72274	0	30.1	301.0
43102at72274	0	16.2	162.0
62786at72274	0	12.2	122.0
50510at72274	0	16.2	162.0
30228at72274	0	24.3	243.0
29873at72274	0	28.5599658243	271
55431at72274	0	17.9	179.0
56721at72274	0	15.6	156.0
46542at72274	0	19.5	195.0
27713at72274	0	24.2	242.0
45939at72274	0	22.4	224.0
30119at72274	0	24.9	249.0
57520at72274	0	14.5	145.0
11817at72274	0	41.5	415.0
2019at72274	0	65.9	659.0
26781at72274	0	24.2	242.0
50736at72274	0	16.1	161.0
32893at72274	0	33.0	330.0
45161at72274	0	17.3	173.0
49622at72274	0	21.0	210.0
4619at72274	0	52.5	525.0
1753at72274	0	71.9	719.0
11441at72274	0	36.2	362.0
41857at72274	0	17.6	176.0
13129at72274	0	37.1	371.0
11418at72274	0	38.6	386.0
43014at72274	0	29.3	293.0
53890at72274	0	11.4	114.0
30808at72274	0	22.5	225.0
54958at72274	0	13.1	131.0
38814at72274	0	17.3	173.0
37505at72274	0	23.4	234.0
62565at72274	0	8.9	89.0
69845at72274	0	7.6	76.0
31780at72274	0	34.8	348.0
14523at72274	0	36.2	362.0
20800at72274	0	31.7	317.0
65511at72274	0	9.2	92.0
35129at72274	0	18.8	188.0
65411at72274	0	8.8	88.0
24820at72274	0	31.2	312.0
59023at72274	0	12.4	124.0
19791at72274	0	27.5	275.0
1982at72274	0	77.8	778.0
47659at72274	0	14.8	148.0
14956at72274	0	41.8	418.0
49421at72274	0	20.4	204.0
43211at72274	0	22.4	224.0
21547at72274	0	30.4	304.0
30013at72274	0	24.0	240.0
8141at72274	0	48.1	481.0
13283at72274	0	35.4	354.0
6397at72274	0	50.9	509.0
34441at72274	0	23.4	234.0
395at72274	0	106.9	1069.0
29543at72274	0	24.2	242.0
29139at72274	0	22.9	229.0
36951at72274	0	29.6	296.0
20753at72274	0	24.7	247.0
63692at72274	0	10.0	100.0
68315at72274	0	9.1	91.0
15718at72274	0	33.1	331.0
15423at72274	0	33.0	330.0
21685at72274	0	30.5	305.0
29288at72274	0	30.8	308.0
61374at72274	0	19.1	191.0
58398at72274	0	10.8	108.0
2722at72274	0	75.5	755.0
36598at72274	0	21.3	213.0
60801at72274	0	8.9	89.0
20071at72274	0	26.3	263.0
64784at72274	0	10.0	100.0
14821at72274	0	33.4	334.0
25123at72274	0	27.2	272.0
1974at72274	0	82.1	821.0
4251at72274	0	51.8	518.0
40069at72274	0	20.4	204.0
6231at72274	0	41.9	419.0
59962at72274	0	10.2	102.0
61764at72274	0	9.6	96.0
67766at72274	0	13.1	131.0
2303at72274	0	55.2	552.0
54627at72274	0	13.6	136.0
9146at72274	0	42.1	421.0
8335at72274	0	46.7	467.0
67022at72274	0	15.3	153.0
4804at72274	0	51.1	511.0
9608at72274	0	60.0	600.0
59632at72274	0	10.3	103.0
46231at72274	0	16.9	169.0
10023at72274	0	43.4	434.0
56946at72274	0	17.6	176.0
1917at72274	0	66.2	662.0
29190at72274	0	27.6	276.0
44408at72274	0	17.7	177.0
61922at72274	0	16.6	166.0
45474at72274	0	17.5	175.0
3949at72274	0	61.3	613.0
209at72274	0	126.1	1261.0
3448at72274	0	56.9	569.0
32976at72274	0	20.0	200.0
52540at72274	0	15.4	154.0
56674at72274	0	14.4	144.0
41161at72274	0	22.5	225.0
31831at72274	0	27.9	279.0
69810at72274	0	7.0	70.0
30458at72274	0	23.0	230.0
32385at72274	0	24.9	249.0
11809at72274	0	44.1	441.0
25490at72274	0	27.7	277.0
33957at72274	0	25.0	250.0
56907at72274	0	15.7	157.0
40643at72274	0	19.4	194.0
65878at72274	0	7.8	78.0
16137at72274	0	32.3	323.0
14552at72274	0	32.3	323.0
32149at72274	0	22.7	227.0
13645at72274	0	38.0	380.0
22000at72274	0	27.9	279.0
65093at72274	0	9.1	91.0
46440at72274	0	16.5	165.0
34213at72274	0	18.6	186.0
54321at72274	0	14.1	141.0
49700at72274	0	21.9	219.0
33673at72274	0	27.1	271.0
1440at72274	0	80.2	802.0
45892at72274	0	19.1	191.0
73068at72274	0	6.9	69.0
51119at72274	0	16.2	162.0
16529at72274	0	33.8	338.0
47243at72274	0	17.8	178.0
48493at72274	0	16.6	166.0
23475at72274	0	28.6	286.0
44579at72274	0	23.5	235.0
48830at72274	0	21.3	213.0
47302at72274	0	19.7	197.0
16477at72274	0	34.0	340.0
2210at72274	0	72.0	720.0
22102at72274	0	32.7	327.0
37262at72274	0	19.5	195.0
70159at72274	0	11.0	110.0
58234at72274	0	19.2	192.0
59410at72274	0	15.2	152.0
16598at72274	0	36.4	364.0
37822at72274	0	25.3	253.0
14115at72274	0	55.1	551.0
5089at72274	0	50.1	501.0
55589at72274	0	10.8	108.0
54678at72274	0	17.5	175.0
28919at72274	0	24.1	241.0
50511at72274	0	20.4	204.0
55809at72274	0	11.9	119.0
606at72274	0	93.6	936.0
3277at72274	0	59.5	595.0
73565at72274	0	4.8	48.0
70568at72274	0	7.6	76.0
1600at72274	0	95.0	950.0
13951at72274	0	40.9	409.0
17428at72274	0	31.2	312.0
24142at72274	0	35.8	358.0
54430at72274	0	11.6	116.0
14446at72274	0	33.5	335.0
43409at72274	0	23.5	235.0
21757at72274	0	25.9	259.0
15329at72274	0	37.3	373.0
11118at72274	0	48.9	489.0
45692at72274	0	17.9	179.0
21460at72274	0	31.8	318.0
34228at72274	0	24.3	243.0
40037at72274	0	16.8	168.0
8457at72274	0	41.2	412.0
36912at72274	0	19.1	191.0
65344at72274	0	10.3412894197	82
6380at72274	0	43.7	437.0
23374at72274	0	27.4	274.0
67453at72274	0	7.8	78.0
47360at72274	0	20.8	208.0
26676at72274	0	57.0764234342	455
25705at72274	0	34.6	346.0
48572at72274	0	13.2	132.0
6237at72274	0	55.4	554.0
34472at72274	0	26.4	264.0
58179at72274	0	12.8	128.0
11748at72274	0	36.9	369.0
20878at72274	0	30.0	300.0
64785at72274	0	10.0	100.0
58396at72274	0	14.9	149.0
1471at72274	0	78.4	784.0
2348at72274	0	69.8	698.0
53683at72274	0	15.2	152.0
59816at72274	0	18.5	185.0
11534at72274	0	41.5	415.0
45682at72274	0	15.9	159.0
68678at72274	0	7.1	71.0
45659at72274	0	16.6	166.0
28950at72274	0	21.1	211.0
299at72274	0	102.5	1025.0
48988at72274	0	20.5	205.0
70881at72274	0	9.0	90.0
56413at72274	0	15.1	151.0
19211at72274	0	36.8	368.0
3680at72274	0	66.1	661.0
69648at72274	0	6.9	69.0
9260at72274	0	42.1	421.0
9189at72274	0	35.8	358.0
47481at72274	0	15.6	156.0
36138at72274	0	23.4	234.0
1707at72274	0	72.1	721.0
40319at72274	0	21.0	210.0
26684at72274	0	28.1	281.0
10449at72274	0	38.0	380.0
54986at72274	0	12.5	125.0
24560at72274	0	28.2	282.0
38177at72274	0	23.6	236.0
52674at72274	0	14.8	148.0
42886at72274	0	19.7	197.0
57831at72274	0	12.5	125.0
7615at72274	0	52.4	524.0
67433at72274	0	7.4	74.0
54565at72274	0	22.7	227.0
52250at72274	0	14.4	144.0
18426at72274	0	34.8	348.0
59338at72274	0	16.8	168.0
3393at72274	0	68.8	688.0
10984at72274	0	40.8	408.0
40349at72274	0	24.8	248.0
62659at72274	0	9.3	93.0
67665at72274	0	7.5	75.0
19244at72274	0	30.2	302.0
48900at72274	0	17.6	176.0
33857at72274	0	22.0	220.0
17279at72274	0	35.7	357.0
15493at72274	0	37.1	371.0
35275at72274	0	20.8	208.0
12775at72274	0	52.7	527.0
29546at72274	0	24.6	246.0
55613at72274	0	16.6	166.0
28379at72274	0	22.6	226.0
35998at72274	0	19.4	194.0
19644at72274	0	28.8	288.0
39435at72274	0	26.3	263.0
8410at72274	0	44.9	449.0
49148at72274	0	16.0	160.0
25563at72274	0	26.3	263.0
27986at72274	0	20.5	205.0
20191at72274	0	25.3	253.0
34866at72274	0	24.1	241.0
66805at72274	0	14.2	142.0
17191at72274	0	34.1	341.0
3705at72274	0	55.1	551.0
18974at72274	0	53.5174659781	485
457at72274	0	80.6	806.0
61712at72274	0	18.0	180.0
32857at72274	0	20.4	204.0
57317at72274	0	16.4	164.0
56898at72274	0	14.5	145.0
712at72274	0	105.4	1054.0
16555at72274	0	39.4	394.0
15149at72274	0	37.7	377.0
14130at72274	0	35.1	351.0
58743at72274	0	14.1	141.0
32269at72274	0	24.6	246.0
13261at72274	0	43.2	432.0
19292at72274	0	27.8	278.0
23903at72274	0	34.8	348.0
13747at72274	0	36.3	363.0
53193at72274	0	13.6	136.0
50115at72274	0	18.9	189.0
16831at72274	0	39.6	396.0
49165at72274	0	14.0	140.0
6860at72274	0	44.6	446.0
45084at72274	0	33.9	339.0
74382at72274	0	5.5	55.0
42468at72274	0	20.5	205.0
64732at72274	0	12.1	121.0
41972at72274	0	21.8	218.0
16460at72274	0	32.6	326.0
2861at72274	0	61.2	612.0
29150at72274	0	20.3	203.0
43118at72274	0	23.8	238.0
52627at72274	0	15.3	153.0
67153at72274	0	7.7	77.0
14812at72274	0	32.6	326.0
71747at72274	0	5.9	59.0
66793at72274	0	12.3	123.0
3634at72274	0	50.8	508.0
66716at72274	0	12.5	125.0
207at72274	0	122.0	1220.0
45113at72274	0	22.6	226.0
2787at72274	0	60.0	600.0
14816at72274	0	33.7	337.0
66618at72274	0	8.7	87.0
62709at72274	0	19.6	196.0
11573at72274	0	46.4	464.0
15646at72274	0	38.2	382.0
18206at72274	0	37.5	375.0
35425at72274	0	26.1	261.0
51367at72274	0	16.5	165.0
1004at72274	0	105.313225984	706
8990at72274	0	42.2	422.0
28793at72274	0	24.2	242.0
57047at72274	0	29.6	296.0
9496at72274	0	47.2	472.0
25945at72274	0	26.5	265.0
44566at72274	0	15.3	153.0
17565at72274	0	34.3	343.0
41159at72274	0	16.8	168.0
2487at72274	0	67.0	670.0
11342at72274	0	54.2	542.0
39803at72274	0	26.2	262.0
63445at72274	0	13.1	131.0
23862at72274	0	26.0	260.0
40937at72274	0	16.6	166.0
16452at72274	0	37.6	376.0
2667at72274	0	75.0	750.0
57660at72274	0	22.8	228.0
71312at72274	0	6.8	68.0
12019at72274	0	44.9	449.0
44537at72274	0	19.3	193.0
51688at72274	0	15.7	157.0
31611at72274	0	24.8	248.0
27577at72274	0	25.0	250.0
34650at72274	0	19.1	191.0
65286at72274	0	8.9	89.0
36231at72274	0	27.6	276.0
56372at72274	0	15.3	153.0
43579at72274	0	23.5	235.0
3242at72274	0	73.4	734.0
5798at72274	0	51.4	514.0
17132at72274	0	35.7	357.0
40168at72274	0	19.8	198.0
52094at72274	0	14.3	143.0
3123at72274	0	57.8	578.0
21126at72274	0	29.8	298.0
10595at72274	0	46.4	464.0
26581at72274	0	32.8	328.0
57402at72274	0	13.8	138.0
1384at72274	0	76.2	762.0
6653at72274	0	45.6	456.0
41399at72274	0	20.2	202.0
10280at72274	0	37.4	374.0
65661at72274	0	11.4	114.0
40542at72274	0	22.1	221.0
61625at72274	0	12.3	123.0
38602at72274	0	22.5	225.0
7044at72274	0	51.7	517.0
14127at72274	0	38.3	383.0
40885at72274	0	20.8	208.0
29426at72274	0	30.7	307.0
29936at72274	0	20.3	203.0
995at72274	0	70.8	708.0
38752at72274	0	21.4	214.0
9960at72274	0	24.5	245.0
15474at72274	0	37.4	374.0
53600at72274	0	12.2	122.0
57551at72274	0	14.2	142.0
66956at72274	0	12.9	129.0
41106at72274	0	20.0	200.0
9430at72274	0	45.5	455.0
22284at72274	0	28.9	289.0
55459at72274	0	13.9	139.0
65897at72274	0	9.9	99.0
37220at72274	0	21.1	211.0
1242at72274	0	75.3	753.0
41734at72274	0	16.9	169.0
19991at72274	0	30.4	304.0
17520at72274	0	30.9	309.0
65507at72274	0	11.0	110.0
62725at72274	0	13.7	137.0
16977at72274	0	34.2	342.0
53978at72274	0	14.7	147.0
53464at72274	0	13.7	137.0
22039at72274	0	32.7	327.0
18225at72274	0	23.0	230.0
813at72274	0	74.1	741.0
9852at72274	0	41.7	417.0
16276at72274	0	36.4	364.0
10543at72274	0	37.6	376.0
53526at72274	0	19.9	199.0
32696at72274	0	23.1	231.0
68821at72274	0	12.1	121.0
65819at72274	0	8.1	81.0
15349at72274	0	26.9	269.0
67346at72274	0	7.1	71.0
38372at72274	0	27.5	275.0
9255at72274	0	47.2	472.0
68333at72274	0	10.8	108.0
72941at72274	0	7.9	79.0
30055at72274	0	22.9	229.0
6134at72274	0	53.6	536.0
58942at72274	0	13.0	130.0
23468at72274	0	31.2	312.0
35212at72274	0	20.3	203.0
35885at72274	0	26.8	268.0
57359at72274	0	11.8	118.0
31975at72274	0	21.2	212.0
38152at72274	0	22.4	224.0
26787at72274	0	24.7	247.0
5031at72274	0	58.4	584.0
56852at72274	0	15.1	151.0
6339at72274	0	51.9	519.0
51180at72274	0	16.0	160.0
59408at72274	0	14.0	140.0
10120at72274	0	50.6	506.0
18752at72274	0	29.3	293.0
1961at72274	0	69.4	694.0
35711at72274	0	22.3	223.0
65064at72274	0	10.7	107.0
13427at72274	0	39.3	393.0
27539at72274	0	28.7	287.0
39735at72274	0	19.8	198.0
11795at72274	0	39.4	394.0
4076at72274	0	51.0	510.0
21206at72274	0	32.4	324.0
73233at72274	0	9.5	95.0
18265at72274	0	31.6	316.0
29421at72274	0	29.7	297.0
52393at72274	0	18.2234389544	124
44729at72274	0	18.0	180.0
20241at72274	0	44.2	442.0
26517at72274	0	28.9	289.0
68549at72274	0	5.9	59.0
43254at72274	0	19.2	192.0
39005at72274	0	20.2	202.0
51543at72274	0	18.5	185.0
927at72274	0	73.3	733.0
64797at72274	0	10.8486596467	100
72145at72274	0	3.8	38.0
52502at72274	0	16.4	164.0
2251at72274	0	126.8	1268.0
3072at72274	0	57.0	570.0
31899at72274	0	16.0	160.0
34317at72274	0	26.4	264.0
64373at72274	0	11.1	111.0
41712at72274	0	18.1	181.0
39772at72274	0	21.2	212.0
4452at72274	0	61.5	615.0
17584at72274	0	26.8	268.0
59937at72274	0	9.7	97.0
52129at72274	0	18.1	181.0
13443at72274	0	42.8	428.0
48558at72274	0	15.0	150.0
20685at72274	0	108.588536577	1009
45745at72274	0	18.3	183.0
23750at72274	0	34.7	347.0
67909at72274	0	8.5	85.0
64594at72274	0	8.7	87.0
43359at72274	0	23.7	237.0
3912at72274	0	55.5	555.0
47147at72274	0	16.0	160.0
63844at72274	0	10.1	101.0
32427at72274	0	20.4	204.0
14061at72274	0	35.8	358.0
34578at72274	0	22.3	223.0
47957at72274	0	18.6	186.0
38791at72274	0	17.3	173.0
50258at72274	0	15.0	150.0
70523at72274	0	6.4	64.0
15219at72274	0	40.6	406.0
18218at72274	0	37.5	375.0
14567at72274	0	36.4	364.0
21526at72274	0	31.4	314.0
73124at72274	0	5.9	59.0
6190at72274	0	48.6	486.0
29729at72274	0	19.3	193.0
7477at72274	0	43.2	432.0
26508at72274	0	41.9	419.0
20929at72274	0	35.0	350.0
67475at72274	0	6.8	68.0
59044at72274	0	21.7	217.0
37184at72274	0	21.3	213.0
30592at72274	0	25.8	258.0
47581at72274	0	17.0	170.0
25465at72274	0	26.1	261.0
32543at72274	0	24.1	241.0
47736at72274	0	29.6108879359	205
47876at72274	0	19.1	191.0
43883at72274	0	17.8	178.0
41129at72274	0	20.0	200.0
67623at72274	0	10.6	106.0
61128at72274	0	13.0	130.0
4793at72274	0	56.8	568.0
59210at72274	0	14.9	149.0
20904at72274	0	28.6	286.0
56174at72274	0	12.7	127.0
32802at72274	0	20.1	201.0
2718at72274	0	74.1	741.0
6493at72274	0	45.9	459.0
5969at72274	0	52.0	520.0
12118at72274	0	41.7	417.0
40014at72274	0	19.7	197.0
63231at72274	0	15.0	150.0
8956at72274	0	51.7	517.0
32132at72274	0	21.1	211.0
55267at72274	0	13.9	139.0
30676at72274	0	27.1	271.0
17215at72274	0	34.5	345.0
31677at72274	0	24.0	240.0
17346at72274	0	33.5	335.0
62335at72274	0	17.9	179.0
17118at72274	0	35.1	351.0
65138at72274	0	9.9	99.0
62383at72274	0	13.6	136.0
391at72274	0	107.2	1072.0
53330at72274	0	14.2765280399	103
62329at72274	0	14.0	140.0
43003at72274	0	19.1	191.0
70960at72274	0	9.1	91.0
38150at72274	0	20.0	200.0
61140at72274	0	10.2	102.0
9094at72274	0	40.7	407.0
47074at72274	0	14.0	140.0
43822at72274	0	28.3	283.0
41068at72274	0	20.9	209.0
52435at72274	0	15.4	154.0
3999at72274	0	51.8	518.0
29821at72274	0	24.7	247.0
1067at72274	0	75.3	753.0
35498at72274	0	20.4	204.0
2112at72274	0	75.1	751.0
51993at72274	0	18.9	189.0
3392at72274	0	63.6	636.0
61376at72274	0	18.8	188.0
543at72274	0	97.2	972.0
37622at72274	0	22.0	220.0
42895at72274	0	16.4	164.0
72526at72274	0	5.3	53.0
28390at72274	0	24.8	248.0
29232at72274	0	29.7	297.0
74488at72274	0	6.5	65.0
10683at72274	0	44.7	447.0
1456at72274	0	72.4	724.0
36193at72274	0	23.1	231.0
14524at72274	0	34.7	347.0
50992at72274	0	13.3	133.0
57446at72274	0	12.1	121.0
71409at72274	0	10.9	109.0
46983at72274	0	13.9	139.0
67256at72274	0	7.7	77.0
28337at72274	0	26.1	261.0
29396at72274	0	25.7	257.0
3407at72274	0	57.5	575.0
36354at72274	0	22.6	226.0
68515at72274	0	6.8	68.0
24325at72274	0	27.8	278.0
11099at72274	0	41.9	419.0
58938at72274	0	14.8	148.0
10681at72274	0	39.3	393.0
10690at72274	0	34.8	348.0
43900at72274	0	16.9	169.0
23949at72274	0	28.3	283.0
9938at72274	0	37.2	372.0
32510at72274	0	29.6	296.0
72111at72274	0	7.6	76.0
6391at72274	0	69.7	697.0
2855at72274	0	62.6	626.0
42441at72274	0	18.5	185.0
62469at72274	0	10.2	102.0
68174at72274	0	8.5	85.0
35049at72274	0	24.8	248.0
74051at72274	0	5.4	54.0
63893at72274	0	12.2	122.0
31121at72274	0	25.8	258.0
24369at72274	0	27.6	276.0
52117at72274	0	12.7	127.0
51339at72274	0	12.2	122.0
14362at72274	0	32.8	328.0
63163at72274	0	10.3	103.0
60882at72274	0	13.9	139.0
23030at72274	0	30.2	302.0
63234at72274	0	10.4	104.0
63986at72274	0	11.5	115.0
38872at72274	0	20.1	201.0
2968at72274	0	65.7	657.0
66040at72274	0	8.3	83.0
27495at72274	0	23.8	238.0
44589at72274	0	18.1	181.0
50104at72274	0	13.3	133.0
46636at72274	0	15.1	151.0
6309at72274	0	53.9	539.0
63627at72274	0	12.5	125.0
47841at72274	0	17.4	174.0
23243at72274	0	31.8	318.0
60770at72274	0	10.8	108.0
48247at72274	0	17.3	173.0
43214at72274	0	18.8	188.0
52275at72274	0	11.1	111.0
65703at72274	0	7.3	73.0
63060at72274	0	10.8	108.0
51566at72274	0	12.7	127.0
30024at72274	0	25.5	255.0
31187at72274	0	28.4	284.0
9575at72274	0	45.7	457.0
17347at72274	0	33.1	331.0
49942at72274	0	17.2	172.0
19630at72274	0	39.8	398.0
24553at72274	0	29.7	297.0
1036at72274	0	77.6	776.0
33272at72274	0	26.6	266.0
25207at72274	0	28.6	286.0
25878at72274	0	26.5	265.0
32018at72274	0	24.5	245.0
60416at72274	0	12.6	126.0
19316at72274	0	27.4	274.0
42437at72274	0	20.5	205.0
33385at72274	0	25.8	258.0
24002at72274	0	35.3	353.0
32154at72274	0	21.1	211.0
69323at72274	0	6.5	65.0
18714at72274	0	37.7	377.0
3460at72274	0	61.9	619.0
55803at72274	0	14.9	149.0
51903at72274	0	15.6	156.0
26334at72274	0	26.4	264.0
62753at72274	0	11.4	114.0
28456at72274	0	22.2	222.0
36010at72274	0	22.6	226.0
14278at72274	0	32.5	325.0
32265at72274	0	26.1	261.0
60956at72274	0	15.3	153.0
3150at72274	0	45.323022672	433
46364at72274	0	15.0	150.0
30299at72274	0	25.4	254.0
53888at72274	0	13.3	133.0
32688at72274	0	26.8	268.0
51559at72274	0	19.1	191.0
6377at72274	0	46.9	469.0
44104at72274	0	19.0	190.0
14546at72274	0	43.5	435.0
55277at72274	0	18.3	183.0
46335at72274	0	16.0	160.0
68201at72274	0	7.7	77.0
42252at72274	0	17.3	173.0
48377at72274	0	24.4	244.0
48266at72274	0	18.8	188.0
61801at72274	0	21.8	218.0
46493at72274	0	22.6	226.0
25406at72274	0	37.6	376.0
70800at72274	0	11.1	111.0
58823at72274	0	11.1	111.0
57138at72274	0	16.7	167.0
